444100
505300
322D00
383100
4D3500
000000
000000
000000
000000
000000
000000
000000
330000
312E00
000000
000000
000000
4D0000
726100
312000
203900
303200
373000
000000
4C0000
432D00
726100
206400
744C00
2E6400
000000
000000
000000
000000
000000
000000
000000
695400
686B00
6D6F00
726900
766F00
532000
412E00
002E00
000000
000000
000000
000000
D80000
E0F200
EDF200
E9FB00
4C2000
494200
534F00
E42000
FFEB00
E22000
E5ED00
EDF800
E3E500
20EE00
535500
204200
EEEC00
F3E400
FFEB00
452000
343100
342D00
303400
000000
000000
000000
000000
000000
000000
000000
000000
000000
000000
000000
000000
000000
000000
000000
000000
000000
000000
000000
000000
000000
000000
000000
000000
000000
000000
000000
000000
000000
000000
000000
000000
000000
000000
000000
000000
000000
000000
000000
000000
000000
000000
